#PATH-POINTS-START Path
-171.724,-32.697,120,0
-169.919,-33.559,120
-168.115,-34.421,120
-166.31,-35.284,120
-164.505,-36.146,120
-162.701,-37.008,120
-160.896,-37.871,120
-159.092,-38.733,120
-157.287,-39.595,120
-155.483,-40.457,120
-153.678,-41.32,120
-151.873,-42.182,120
-150.069,-43.044,120
-148.264,-43.907,120
-146.46,-44.769,120
-144.655,-45.631,120
-142.851,-46.493,120
-141.046,-47.356,120
-139.241,-48.218,120
-137.437,-49.08,120
-135.632,-49.942,120
-133.828,-50.805,120
-132.023,-51.667,120
-130.219,-52.529,120
-128.414,-53.392,120
-126.609,-54.254,120
-124.805,-55.116,120
-123,-55.978,120
-121.196,-56.841,120
-119.391,-57.703,120
-118.827,-59.326,120,0
-118.876,-61.325,120
-118.926,-63.324,120
-118.975,-65.324,120
-119.025,-67.323,120
-119.074,-69.323,120
-119.124,-71.322,120
-119.174,-73.321,120
-119.223,-75.321,120
-119.273,-77.32,120
-119.322,-79.32,120
-119.372,-81.319,120
-119.421,-83.318,120
-119.471,-85.318,120
-119.521,-87.317,120
-119.57,-89.317,120
-119.62,-91.316,120
-119.669,-93.315,120
-119.719,-95.315,120
-119.768,-97.314,120
-119.818,-99.313,120
-119.868,-101.313,120
-119.917,-103.312,120
-119.967,-105.312,120
-120.016,-107.311,120
-120.066,-109.31,120
-120.115,-111.31,120
-120.165,-113.309,120
-120.215,-115.309,120
-120.264,-117.308,120
-120.314,-119.307,120
-120.342,-120.87,120,0
-120.197,-118.875,120
-120.052,-116.88,120
-119.908,-114.885,120
-119.763,-112.891,120
-119.618,-110.896,120
-119.473,-108.901,120
-119.329,-106.906,120
-119.184,-104.912,120
-119.039,-102.917,120
-118.894,-100.922,120
-118.749,-98.927,120
-118.605,-96.933,120
-118.46,-94.938,120
-118.315,-92.943,120
-118.17,-90.948,120
-118.026,-88.954,120
-117.881,-86.959,120
-117.736,-84.964,120
-117.591,-82.969,120
-117.446,-80.975,120
-117.302,-78.98,120
-117.157,-76.985,120
-117.012,-74.99,120
-116.867,-72.996,120
-116.722,-71.001,120
-116.578,-69.006,120
-116.433,-67.011,120
-116.288,-65.017,120
-116.143,-63.022,120
-115.999,-61.027,120
-115.854,-59.032,120
-115.709,-57.038,120,0
-114.28,-56.474,120
-112.282,-56.545,120
-110.283,-56.616,120
-108.284,-56.688,120
-106.285,-56.759,120
-104.287,-56.831,120
-102.288,-56.902,120
-100.289,-56.973,120
-98.29,-57.045,120
-96.292,-57.116,120
-94.293,-57.188,120
-92.294,-57.259,120
-90.296,-57.33,120
-88.297,-57.402,120
-86.298,-57.473,120
-84.299,-57.544,120
-82.301,-57.616,120
-80.302,-57.687,120
-78.303,-57.759,120
-76.305,-57.83,120
-74.306,-57.901,120
-72.307,-57.973,120
-70.308,-58.044,120
-68.31,-58.115,120
-66.311,-58.187,120
-64.312,-58.258,120
-62.313,-58.33,120
-60.315,-58.401,120
-58.316,-58.472,120
-58.201,-58.502,120,0
-60.2,-58.485,120
-62.2,-58.467,120
-64.2,-58.45,120
-66.2,-58.432,120
-68.2,-58.415,120
-70.2,-58.398,120
-72.2,-58.38,120
-74.2,-58.363,120
-76.2,-58.345,120
-78.2,-58.328,120
-80.2,-58.311,120
-82.2,-58.293,120
-84.2,-58.276,120
-86.199,-58.259,120
-88.199,-58.241,120
-90.199,-58.224,120
-92.199,-58.206,120
-94.199,-58.189,120
-96.199,-58.172,120
-98.199,-58.154,120
-100.199,-58.137,120
-102.199,-58.119,120
-104.199,-58.102,120
-106.199,-58.085,120
-108.199,-58.067,120
-110.199,-58.05,120
-112.199,-58.032,120
-114.198,-58.015,120
-116.198,-57.998,120
-117.641,-58.866,120,0
-118.491,-60.676,120
-119.341,-62.487,120
-120.191,-64.297,120
-121.042,-66.107,120
-121.892,-67.918,120
-122.742,-69.728,120
-123.592,-71.538,120
-124.442,-73.349,120
-125.292,-75.159,120
-126.142,-76.969,120
-126.993,-78.78,120
-127.843,-80.59,120
-128.693,-82.4,120
-129.543,-84.211,120
-130.393,-86.021,120
-131.243,-87.831,120
-132.094,-89.642,120
-132.944,-91.452,120
-133.794,-93.262,120
-134.644,-95.072,120
-135.494,-96.883,120
-136.344,-98.693,120
-137.194,-100.503,120
-138.045,-102.314,120
-138.895,-104.124,120
-139.745,-105.934,120
-140.595,-107.745,120
-141.445,-109.555,120
-142.295,-111.365,120
-143.145,-113.176,120
-143.996,-114.986,120
-144.846,-116.796,120
-145.696,-118.607,120
-146.546,-120.417,120
-147.396,-122.227,120
-148.246,-124.038,120
-149.097,-125.848,120
-149.947,-127.658,120
-150.797,-129.468,120
-151.647,-131.279,120
-152.497,-133.089,120
-153.347,-134.899,120
-154.197,-136.71,120
-155.048,-138.52,120
-155.898,-140.33,120
-156.748,-142.141,120
-157.598,-143.951,120
-158.448,-145.761,120
-159.298,-147.572,120
-160.148,-149.382,120
-160.999,-151.192,120
-161.555,-152.377,120,0
-161.555,-152.377,0,0
#PATH.JERRYIO-DATA {"appVersion":"0.11.0","format":"path.jerryio v0.1","gc":{"robotWidth":30,"robotHeight":30,"robotIsHolonomic":false,"showRobot":false,"uol":1,"pointDensity":2,"controlMagnetDistance":5,"fieldImage":{"displayName":"V5RC 2027 - Override","signature":"V5RC-Override-H2H-TopDownHighlighted-TileColor66_71","origin":{"__type":"built-in"}},"coordinateSystem":"VEX Gaming Positioning System"},"paths":[{"segments":[{"controls":[{"uid":"lJUfgKh8fd","x":-171.7237139626908,"y":-32.69686263425664,"lock":false,"visible":true,"heading":0,"__type":"end-point"},{"uid":"48J25AvRN4","x":-118.79338609383834,"y":-57.98869417750141,"lock":false,"visible":true,"heading":0,"__type":"end-point"}],"speedProfiles":[],"lookaheadKeyframes":[],"uid":"TskPnOssTh"},{"controls":[{"uid":"48J25AvRN4","x":-118.79338609383834,"y":-57.98869417750141,"lock":false,"visible":true,"heading":0,"__type":"end-point"},{"uid":"TKPqBgIN2i","x":-120.35782928208027,"y":-121.0879027699265,"lock":false,"visible":true,"heading":0,"__type":"end-point"}],"speedProfiles":[],"lookaheadKeyframes":[],"uid":"Yc7DF4vlJK"},{"controls":[{"uid":"TKPqBgIN2i","x":-120.35782928208027,"y":-121.0879027699265,"lock":false,"visible":true,"heading":0,"__type":"end-point"},{"uid":"XQCESyHtN0","x":-115.66449971735445,"y":-56.42425098925946,"lock":false,"visible":true,"heading":0,"__type":"end-point"}],"speedProfiles":[],"lookaheadKeyframes":[],"uid":"Tot7vTA6pt"},{"controls":[{"uid":"XQCESyHtN0","x":-115.66449971735445,"y":-56.42425098925946,"lock":false,"visible":true,"heading":0,"__type":"end-point"},{"uid":"Ad5pqBaD5a","x":-57.25862068965518,"y":-58.51017524024872,"lock":false,"visible":true,"heading":0,"__type":"end-point"}],"speedProfiles":[],"lookaheadKeyframes":[],"uid":"4zGTLOLUuV"},{"controls":[{"uid":"Ad5pqBaD5a","x":-57.25862068965518,"y":-58.51017524024872,"lock":false,"visible":true,"heading":0,"__type":"end-point"},{"uid":"27rpLchb1X","x":-117.22894290559638,"y":-57.98869417750141,"lock":false,"visible":true,"heading":0,"__type":"end-point"}],"speedProfiles":[],"lookaheadKeyframes":[],"uid":"yPvgbZG1H9"},{"controls":[{"uid":"27rpLchb1X","x":-117.22894290559638,"y":-57.98869417750141,"lock":false,"visible":true,"heading":0,"__type":"end-point"},{"uid":"CIrf6lfPyh","x":-161.55483323911815,"y":-152.3767665347654,"lock":false,"visible":true,"heading":0,"__type":"end-point"}],"speedProfiles":[],"lookaheadKeyframes":[],"uid":"BMkjnsfrRf"}],"pc":{"speedLimit":{"minLimit":{"value":0,"label":"0"},"maxLimit":{"value":600,"label":"600"},"step":1,"from":40,"to":120},"bentRateApplicableRange":{"minLimit":{"value":0,"label":"0"},"maxLimit":{"value":1,"label":"1"},"step":0.001,"from":0,"to":0.1}},"name":"Path","uid":"reamat3dkZ","lock":false,"visible":true}]}